  2.0773324e+002  1.7484222e+001  3.0835662e+001 -6.5897273e+000 -7.5265797e+000 -1.9512138e+002
  1.7484222e+001  1.2698464e+002  5.0602012e+001  1.4398552e+001 -3.3426056e+001 -5.7871874e+001
  3.0835662e+001  5.0602012e+001  2.5431811e+002  5.5206526e+001 -2.0995726e+002 -1.5258737e+002
 -6.5897273e+000  1.4398552e+001  5.5206526e+001  3.3125321e+002  2.8302200e+001  3.0437822e+001
 -7.5265797e+000 -3.3426056e+001 -2.0995726e+002  2.8302200e+001  4.8935680e+002  2.3261387e+002
 -1.9512138e+002 -5.7871874e+001 -1.5258737e+002  3.0437822e+001  2.3261387e+002  1.2784170e+003
  2.2116218e+002  1.5444858e+001  3.5259617e+000 -9.8223614e+000 -1.1187254e+001  4.3204531e+001
  1.5444858e+001  1.4315931e+002  4.6598895e+001  1.3990944e+001 -1.5405001e+001  8.6676343e+001
  3.5259617e+000  4.6598895e+001  2.6955394e+002  4.9438711e+000 -1.9338599e+002 -1.5409373e+002
 -9.8223614e+000  1.3990944e+001  4.9438711e+000  2.2502006e+002 -2.6465196e+001 -1.1406302e+000
 -1.1187254e+001 -1.5405001e+001 -1.9338599e+002 -2.6465196e+001  4.9975648e+002  4.3606425e+002
  4.3204531e+001  8.6676343e+001 -1.5409373e+002 -1.1406302e+000  4.3606425e+002  1.6574801e+003
  2.0028179e+002 -1.4642243e+001 -1.4492126e+001 -2.4857666e+001  8.3792901e+000  4.8339386e+001
 -1.4642243e+001  1.2391326e+002  3.6583405e+001 -1.3656652e+001 -3.9783803e+001 -8.7438978e+000
 -1.4492126e+001  3.6583405e+001  2.4405197e+002 -2.9246244e+001 -1.7189015e+002 -1.3830962e+002
 -2.4857666e+001 -1.3656652e+001 -2.9246244e+001  2.7803660e+002 -4.9110355e+000 -6.9578643e+000
  8.3792901e+000 -3.9783803e+001 -1.7189015e+002 -4.9110355e+000  4.5645652e+002  2.2493936e+002
  4.8339386e+001 -8.7438978e+000 -1.3830962e+002 -6.9578643e+000  2.2493936e+002  1.0693401e+003
  2.1686174e+002 -6.2426983e-012 -9.2819191e-012  1.8704879e+001 -1.6744093e-011 -9.0871076e-011
 -6.2426983e-012  1.4842141e+002  4.7130306e+001 -2.0968973e-012 -6.0794745e+001  7.2720594e+001
 -9.2819191e-012  4.7130306e+001  2.5518830e+002  1.0948503e-012 -1.1180437e+002 -8.6177726e+001
  1.8704879e+001 -2.0968973e-012  1.0948503e-012  2.0021896e+002 -7.7363914e-012 -4.6144736e-011
 -1.6744093e-011 -6.0794745e+001 -1.1180437e+002 -7.7363914e-012  5.5636341e+002  4.1781601e+002
 -9.0871076e-011  7.2720594e+001 -8.6177726e+001 -4.6144736e-011  4.1781601e+002  1.7607365e+003
  1.4617762e+002  4.7463746e+000 -2.5198086e+000 -3.4586417e+000 -7.2019958e-001 -1.3971410e+001
  4.7463746e+000  9.7396194e+001  2.6992866e+001 -1.1825142e+000 -1.6436610e+000 -8.1929308e+001
 -2.5198086e+000  2.6992866e+001  1.1555942e+002 -9.8316026e+000 -1.8410802e+001 -1.2048217e+002
 -3.4586417e+000 -1.1825142e+000 -9.8316026e+000  2.6851532e+002 -4.7491817e+001 -1.0040506e+001
 -7.2019958e-001 -1.6436610e+000 -1.8410802e+001 -4.7491817e+001  3.8539894e+002  1.4147272e+002
 -1.3971410e+001 -8.1929308e+001 -1.2048217e+002 -1.0040506e+001  1.4147272e+002  1.0536521e+003
  2.2501953e+002  4.7323370e+000  2.7856848e+000 -7.0020801e+001 -4.2518875e+000  7.9917354e+001
  4.7323370e+000  1.3015860e+002  3.0619886e+001  4.1357396e+000 -2.1431258e+001 -3.2182631e+000
  2.7856848e+000  3.0619886e+001  2.6673752e+002 -2.2902894e+001 -2.1834288e+002 -1.0960152e+002
 -7.0020801e+001  4.1357396e+000 -2.2902894e+001  3.3288933e+002 -9.7362092e+000 -3.5936724e+001
 -4.2518875e+000 -2.1431258e+001 -2.1834288e+002 -9.7362092e+000  5.4138105e+002  2.0380408e+002
  7.9917354e+001 -3.2182631e+000 -1.0960152e+002 -3.5936724e+001  2.0380408e+002  1.2289349e+003
  1.5088272e+002 -1.9270642e-012 -1.0351657e-011 -5.4774039e+001  1.2763965e-011  2.8014050e-011
 -1.9270642e-012  8.3019248e+001  1.9526889e+001  1.0431887e-012 -2.8643022e+001 -2.3951620e+001
 -1.0351657e-011  1.9526889e+001  1.2559764e+002  2.7260922e-012 -8.4294656e+001 -1.1949077e+002
 -5.4774039e+001  1.0431887e-012  2.7260922e-012  2.2592592e+002 -6.9171382e-012 -2.0733054e-011
  1.2763965e-011 -2.8643022e+001 -8.4294656e+001 -6.9171382e-012  3.4504663e+002  2.4911046e+002
  2.8014050e-011 -2.3951620e+001 -1.1949077e+002 -2.0733054e-011  2.4911046e+002  7.3286701e+002
  2.0028179e+002  1.4642243e+001  1.4492126e+001 -2.4857666e+001 -8.3792901e+000 -4.8339386e+001
  1.4642243e+001  1.2391326e+002  3.6583405e+001  1.3656652e+001 -3.9783803e+001 -8.7438978e+000
  1.4492126e+001  3.6583405e+001  2.4405197e+002  2.9246244e+001 -1.7189015e+002 -1.3830962e+002
 -2.4857666e+001  1.3656652e+001  2.9246244e+001  2.7803660e+002  4.9110355e+000  6.9578643e+000
 -8.3792901e+000 -3.9783803e+001 -1.7189015e+002  4.9110355e+000  4.5645652e+002  2.2493936e+002
 -4.8339386e+001 -8.7438978e+000 -1.3830962e+002  6.9578643e+000  2.2493936e+002  1.0693401e+003
  2.1062471e+002 -1.4399108e+000  2.6223976e+000 -3.0958910e+001 -2.3821542e+000 -8.1280220e+001
 -1.4399108e+000  1.1306128e+002  5.2373042e+001  1.0507625e+001 -1.2346737e+001 -1.5945271e+001
  2.6223976e+000  5.2373042e+001  2.3288447e+002 -5.9839762e-001 -1.9857984e+002 -1.2234645e+002
 -3.0958910e+001  1.0507625e+001 -5.9839762e-001  2.3997510e+002  3.9467418e+000  1.7644319e+000
 -2.3821542e+000 -1.2346737e+001 -1.9857984e+002  3.9467418e+000  4.2353512e+002  1.9602855e+002
 -8.1280220e+001 -1.5945271e+001 -1.2234645e+002  1.7644319e+000  1.9602855e+002  1.3966711e+003
  2.1438125e+002  1.7106332e-011  7.1298548e-011 -5.2614281e+001 -4.7896139e-011 -2.9850618e-012
  1.7106332e-011  1.4667053e+002  4.3104343e+001  2.3980530e-012 -7.2752377e+000  1.0365899e+002
  7.1298548e-011  4.3104343e+001  2.3198070e+002 -2.8670209e-012 -1.8563094e+002 -1.5421325e+002
 -5.2614281e+001  2.3980530e-012 -2.8670209e-012  2.9556292e+002  1.0348282e-011  4.6125286e-011
 -4.7896139e-011 -7.2752377e+000 -1.8563094e+002  1.0348282e-011  4.5480156e+002  4.2968993e+002
 -2.9850618e-012  1.0365899e+002 -1.5421325e+002  4.6125286e-011  4.2968993e+002  1.7247862e+003
  2.2501953e+002 -4.7323370e+000 -2.7856848e+000 -7.0020801e+001  4.2518875e+000 -7.9917354e+001
 -4.7323370e+000  1.3015860e+002  3.0619886e+001 -4.1357396e+000 -2.1431258e+001 -3.2182631e+000
 -2.7856848e+000  3.0619886e+001  2.6673752e+002  2.2902894e+001 -2.1834288e+002 -1.0960152e+002
 -7.0020801e+001 -4.1357396e+000  2.2902894e+001  3.3288933e+002  9.7362092e+000  3.5936724e+001
  4.2518875e+000 -2.1431258e+001 -2.1834288e+002  9.7362092e+000  5.4138105e+002  2.0380408e+002
 -7.9917354e+001 -3.2182631e+000 -1.0960152e+002  3.5936724e+001  2.0380408e+002  1.2289349e+003
  2.2116218e+002 -1.5444858e+001 -3.5259617e+000 -9.8223614e+000  1.1187254e+001 -4.3204531e+001
 -1.5444858e+001  1.4315931e+002  4.6598895e+001 -1.3990944e+001 -1.5405001e+001  8.6676343e+001
 -3.5259617e+000  4.6598895e+001  2.6955394e+002 -4.9438711e+000 -1.9338599e+002 -1.5409373e+002
 -9.8223614e+000 -1.3990944e+001 -4.9438711e+000  2.2502006e+002  2.6465196e+001  1.1406302e+000
  1.1187254e+001 -1.5405001e+001 -1.9338599e+002  2.6465196e+001  4.9975648e+002  4.3606425e+002
 -4.3204531e+001  8.6676343e+001 -1.5409373e+002  1.1406302e+000  4.3606425e+002  1.6574801e+003
  1.2910674e+002 -1.8605403e-011 -7.4997758e-011  1.4824366e+001  3.4252077e-011  3.2802482e-011
 -1.8605403e-011  7.3527282e+001  4.8952514e+001 -1.9693953e-012 -1.8701768e+001 -3.9345453e+001
 -7.4997758e-011  4.8952514e+001  1.9689665e+002 -5.0764867e-012 -9.0381226e+001 -8.9426614e+001
  1.4824366e+001 -1.9693953e-012 -5.0764867e-012  2.5663332e+002  8.7391320e-012  4.6888485e-011
  3.4252077e-011 -1.8701768e+001 -9.0381226e+001  8.7391320e-012  3.8223447e+002  1.5543489e+002
  3.2802482e-011 -3.9345453e+001 -8.9426614e+001  4.6888485e-011  1.5543489e+002  8.4668239e+002
  2.1062471e+002  1.4399108e+000 -2.6223976e+000 -3.0958910e+001  2.3821542e+000  8.1280220e+001
  1.4399108e+000  1.1306128e+002  5.2373042e+001 -1.0507625e+001 -1.2346737e+001 -1.5945271e+001
 -2.6223976e+000  5.2373042e+001  2.3288447e+002  5.9839762e-001 -1.9857984e+002 -1.2234645e+002
 -3.0958910e+001 -1.0507625e+001  5.9839762e-001  2.3997510e+002 -3.9467418e+000 -1.7644319e+000
  2.3821542e+000 -1.2346737e+001 -1.9857984e+002 -3.9467418e+000  4.2353512e+002  1.9602855e+002
  8.1280220e+001 -1.5945271e+001 -1.2234645e+002 -1.7644319e+000  1.9602855e+002  1.3966711e+003
  1.4617762e+002 -4.7463746e+000  2.5198086e+000 -3.4586417e+000  7.2019958e-001  1.3971410e+001
 -4.7463746e+000  9.7396194e+001  2.6992866e+001  1.1825142e+000 -1.6436610e+000 -8.1929308e+001
  2.5198086e+000  2.6992866e+001  1.1555942e+002  9.8316026e+000 -1.8410802e+001 -1.2048217e+002
 -3.4586417e+000  1.1825142e+000  9.8316026e+000  2.6851532e+002  4.7491817e+001  1.0040506e+001
  7.2019958e-001 -1.6436610e+000 -1.8410802e+001  4.7491817e+001  3.8539894e+002  1.4147272e+002
  1.3971410e+001 -8.1929308e+001 -1.2048217e+002  1.0040506e+001  1.4147272e+002  1.0536521e+003
  2.0773324e+002 -1.7484222e+001 -3.0835662e+001 -6.5897273e+000  7.5265797e+000  1.9512138e+002
 -1.7484222e+001  1.2698464e+002  5.0602012e+001 -1.4398552e+001 -3.3426056e+001 -5.7871874e+001
 -3.0835662e+001  5.0602012e+001  2.5431811e+002 -5.5206526e+001 -2.0995726e+002 -1.5258737e+002
 -6.5897273e+000 -1.4398552e+001 -5.5206526e+001  3.3125321e+002 -2.8302200e+001 -3.0437822e+001
  7.5265797e+000 -3.3426056e+001 -2.0995726e+002 -2.8302200e+001  4.8935680e+002  2.3261387e+002
  1.9512138e+002 -5.7871874e+001 -1.5258737e+002 -3.0437822e+001  2.3261387e+002  1.2784170e+003
  1.9582691e+002  0.0000000e+000  0.0000000e+000 -2.2829706e+001  0.0000000e+000  0.0000000e+000
  0.0000000e+000  1.2006156e+002  4.0390892e+001  0.0000000e+000 -2.2717988e+001 -3.0613769e+000
  0.0000000e+000  4.0390892e+001  2.2349213e+002  0.0000000e+000 -1.5582781e+002 -1.2775938e+002
 -2.2829706e+001  0.0000000e+000  0.0000000e+000  2.7060752e+002  0.0000000e+000  0.0000000e+000
  0.0000000e+000 -2.2717988e+001 -1.5582781e+002  0.0000000e+000  4.5813849e+002  2.5761856e+002
  0.0000000e+000 -3.0613769e+000 -1.2775938e+002  0.0000000e+000  2.5761856e+002  1.2771289e+003
